Testing Average3Tests $Revision: 1.1 $...
0.0
      ~=~ 0.0
1.0
      ~=~ 1.0
75.0
      ~=~ 75.0
11.866666666666667
      ~=~ 11.866666666666667
124.51066666666668
      ~=~ 124.51066666666668
37.71333333333333
      ~=~ 37.71333333333333
Finished with 0 failures!

Testing Add10ListTests $Revision: 1.1 $...
[]
      == []
[11]
      == [11]
[13,11]
      == [13,11]
[11,15,17,11,17]
      == [11,15,17,11,17]
[17,18,19,20,21,22,23,24,25,26,27,28,29,30,31]
      == [17,18,19,20,21,22,23,24,25,26,27,28,29,30,31]
[18,14,8,13,11,10000010,20]
      == [18,14,8,13,11,10000010,20]
[]
      == []
[11]
      == [11]
[13,11]
      == [13,11]
[11,15,17,11,17]
      == [11,15,17,11,17]
[17,18,19,20,21,22,23,24,25,26,27,28,29,30,31]
      == [17,18,19,20,21,22,23,24,25,26,27,28,29,30,31]
[18,14,8,13,11,10000010,20]
      == [18,14,8,13,11,10000010,20]
Finished with 0 failures!
